4.033
4.32
3.881
5.431
6.351
6.225
4.397
5.783
4.823
4.194
5.168
5.998
5.842
5.375
5.005
5.121
5.742
5.686
4.958
3.849
4.603
3.721
5.654
4.99
4.188
6.317
5.213
5.966
5.472
5.633
5.802
3.99
4.455
4.468
5.315
5.047
3.14
4.228
6.275
6.003
5.224
5.617
3.697
3.809
4.413
4.742
5.474
4.999
4.932
3.753
4.555
4.748
6.054
3.672
7.099
5.502
7.086
5.18
5.757
3.803
5.811
4.744
4.597
6.246
5.025
4.143
6.512
5.064
5.577
6.0
6.704
5.354
5.872
4.872
3.594
6.068
4.665
4.224
5.972
4.784
4.843
4.087
5.321
4.867
5.828
3.932
4.676
5.062
4.503
5.103
4.605
4.899
4.393
2.85
6.308
4.081
4.563
3.95
5.897
6.027