#################################################################
#APDM Input Graph, this input graph includes 3 sections:
#section1 : general information
#section2 : nodes
#section3 : edges
#section4 : trueSubGraph (Optional)
#
#if nodes haven't information set weight to null
#################################################################
SECTION1 (General Information)
numNodes = 24
numEdges = 66
usedAlgorithm = NULL
dataSource = NewYorkCityTaxi
END
#################################################################
SECTION2 (Nodes Information)
NodeID CrimeRate  mean  std 
0 5.53 5.53 0.0
1 4.07 4.07 0.0
2 7.33 7.33 0.0
3 5.36 5.36 0.0
4 3.2 3.2 0.0
5 5.68 5.68 0.0
6 5.69 5.69 0.0
7 6.89 6.89 0.0
8 7.24 7.24 0.0
9 5.35 5.35 0.0
10 4.84 4.84 0.0
11 6.87 6.87 0.0
12 5.55 5.55 0.0
13 7.07 7.07 0.0
14 5.38 5.38 0.0
15 3.81 3.81 0.0
16 5.36 5.36 0.0
17 4.06 4.06 0.0
18 7.5 7.5 0.0
19 3.64 3.64 0.0
20 8.54 8.54 0.0
21 6.77 6.77 0.0
22 8.22 8.22 0.0
23 9.81 9.81 0.0
END
#################################################################
SECTION3 (Edges Information)
EndPoint0 EndPoint1 Weight
0 1 1.000000
0 3 1.000000
0 4 1.000000
1 0 1.000000
1 4 1.000000
1 2 1.000000
1 5 1.000000
2 1 1.000000
2 5 1.000000
2 6 1.000000
3 0 1.000000
3 7 1.000000
3 10 1.000000
4 0 1.000000
4 1 1.000000
4 7 1.000000
4 8 1.000000
5 1 1.000000
5 2 1.000000
5 8 1.000000
5 9 1.000000
6 2 1.000000
6 9 1.000000
7 3 1.000000
7 4 1.000000
7 10 1.000000
7 11 1.000000
8 4 1.000000
8 5 1.000000
8 11 1.000000
8 12 1.000000
9 5 1.000000
9 6 1.000000
9 12 1.000000
9 13 1.000000
10 3 1.000000
10 7 1.000000
11 7 1.000000
11 8 1.000000
12 8 1.000000
12 9 1.000000
13 9 1.000000
14 17 1.000000
14 18 1.000000
15 18 1.000000
15 19 1.000000
16 19 1.000000
16 20 1.000000
17 14 1.000000
17 21 1.000000
18 14 1.000000
18 15 1.000000
18 21 1.000000
18 22 1.000000
19 15 1.000000
19 16 1.000000
19 22 1.000000
19 23 1.000000
20 16 1.000000
20 23 1.000000
21 17 1.000000
21 18 1.000000
22 18 1.000000
22 19 1.000000
23 19 1.000000
23 20 1.000000
END
#################################################################
SECTION4 (TrueSubGraph Information)
EndPoint0 EndPoint1 Weight
END
#################################################################
