#################################################################
#APDM Input Graph, this input graph includes 3 sections:
#section1 : general information
#section2 : nodes
#section3 : edges
#section4 : trueSubGraph (Optional)
#
#if nodes haven't information set weight to null
#################################################################
SECTION1 (General Information)
numNodes = 24
numEdges = 66
usedAlgorithm = NULL
dataSource = Simulation
END
#################################################################
SECTION2 (Nodes Information)
NodeID PValue Counts
0 3.240000
1 8.420000
2 8.880000
3 6.660000
4 7.520000
5 7.780000
6 8.360000
7 4.830000
8 8.160000
9 8.770000
10 3.050000
11 6.470000
12 5.110000
13 3.250000
14 8.430000
15 8.130000
16 6.380000
17 6.140000
18 9.160000
19 6.180000
20 8.120000
21 4.720000
22 8.080000
23 7.520000
END
#################################################################
SECTION3 (Edges Information)
EndPoint0 EndPoint1 Weight
12 8 1.000000
8 5 1.000000
9 5 1.000000
19 15 1.000000
2 6 1.000000
7 11 1.000000
18 15 1.000000
18 22 1.000000
14 18 1.000000
15 19 1.000000
2 5 1.000000
3 0 1.000000
18 14 1.000000
10 3 1.000000
4 7 1.000000
8 4 1.000000
18 21 1.000000
21 17 1.000000
11 7 1.000000
1 2 1.000000
4 1 1.000000
2 1 1.000000
7 10 1.000000
11 8 1.000000
8 11 1.000000
19 16 1.000000
14 17 1.000000
1 5 1.000000
23 19 1.000000
10 7 1.000000
19 23 1.000000
7 3 1.000000
1 0 1.000000
0 3 1.000000
12 9 1.000000
5 1 1.000000
20 23 1.000000
16 19 1.000000
5 9 1.000000
6 9 1.000000
22 18 1.000000
7 4 1.000000
15 18 1.000000
9 6 1.000000
8 12 1.000000
21 18 1.000000
4 8 1.000000
9 12 1.000000
0 4 1.000000
3 7 1.000000
3 10 1.000000
0 1 1.000000
4 0 1.000000
5 8 1.000000
5 2 1.000000
20 16 1.000000
22 19 1.000000
9 13 1.000000
17 21 1.000000
16 20 1.000000
19 22 1.000000
1 4 1.000000
6 2 1.000000
17 14 1.000000
23 20 1.000000
13 9 1.000000
END
#################################################################
SECTION4 (TrueSubGraph Information)
EndPoint0 EndPoint1 Weight
END
#################################################################
