#################################################################
#APDM Input Graph, this input graph includes 3 sections:
#section1 : general information
#section2 : nodes
#section3 : edges
#section4 : trueSubGraph (Optional)
#
#if nodes haven't information set weight to null
#################################################################
SECTION1 (General Information)
numNodes = 24
numEdges = 66
usedAlgorithm = NULL
dataSource = Simulation
END
#################################################################
SECTION2 (Nodes Information)
NodeID PValue Counts
0 4.033000
1 4.320000
2 3.881000
3 5.431000
4 6.351000
5 6.225000
6 4.397000
7 5.783000
8 4.823000
9 4.194000
10 5.168000
11 5.998000
12 5.842000
13 5.375000
14 5.005000
15 5.121000
16 5.742000
17 5.686000
18 4.958000
19 3.849000
20 4.603000
21 3.721000
22 5.654000
23 4.990000
END
#################################################################
SECTION3 (Edges Information)
EndPoint0 EndPoint1 Weight
12 8 1.000000
8 5 1.000000
9 5 1.000000
19 15 1.000000
2 6 1.000000
7 11 1.000000
18 15 1.000000
18 22 1.000000
14 18 1.000000
15 19 1.000000
2 5 1.000000
3 0 1.000000
18 14 1.000000
10 3 1.000000
4 7 1.000000
8 4 1.000000
18 21 1.000000
21 17 1.000000
11 7 1.000000
1 2 1.000000
4 1 1.000000
2 1 1.000000
7 10 1.000000
11 8 1.000000
8 11 1.000000
19 16 1.000000
14 17 1.000000
1 5 1.000000
23 19 1.000000
10 7 1.000000
19 23 1.000000
7 3 1.000000
1 0 1.000000
0 3 1.000000
12 9 1.000000
5 1 1.000000
20 23 1.000000
16 19 1.000000
5 9 1.000000
6 9 1.000000
22 18 1.000000
7 4 1.000000
15 18 1.000000
9 6 1.000000
8 12 1.000000
21 18 1.000000
4 8 1.000000
9 12 1.000000
0 4 1.000000
3 7 1.000000
3 10 1.000000
0 1 1.000000
4 0 1.000000
5 8 1.000000
5 2 1.000000
20 16 1.000000
22 19 1.000000
9 13 1.000000
17 21 1.000000
16 20 1.000000
19 22 1.000000
1 4 1.000000
6 2 1.000000
17 14 1.000000
23 20 1.000000
13 9 1.000000
END
#################################################################
SECTION4 (TrueSubGraph Information)
EndPoint0 EndPoint1 Weight
END
#################################################################
